instance: TPI_F_2.txt
status: ok
objective: 3013.700000
open_facilities:
4
7
9
10
11
18
25
33
49
55
58
62
63
71
82
86
87
88
91
93
99
assignments:
4 5
4 16
4 91
4 100
7 60
7 65
7 87
7 96
7 99
9 34
9 51
9 80
9 90
9 97
10 14
10 67
10 70
10 73
10 88
11 38
11 43
11 62
11 69
11 79
18 25
18 42
18 56
18 74
18 84
25 2
25 11
25 35
25 68
25 92
33 10
33 44
33 53
33 58
33 86
49 45
49 89
49 93
55 13
55 50
55 64
55 78
55 98
58 4
58 12
58 29
58 32
58 49
62 33
62 36
62 52
62 75
62 81
63 1
63 47
63 66
63 82
63 95
71 19
71 41
71 63
71 76
82 6
82 17
82 24
82 26
82 57
86 22
86 23
86 28
86 31
86 61
87 18
87 40
87 46
87 54
87 85
88 7
88 20
88 21
88 30
88 48
88 55
91 8
91 15
91 37
91 59
93 3
93 27
93 39
93 72
93 83
99 9
99 71
99 77
99 94
