instance: TPI_F_1.txt
status: ok
objective: 2842.800000
open_facilities:
1
5
11
13
15
17
19
20
23
25
26
29
31
33
42
50
51
64
74
78
94
assignments:
1 35
1 43
1 49
1 61
1 73
5 14
5 44
5 59
5 83
5 86
11 19
11 30
11 58
11 65
11 82
11 84
13 11
13 66
13 72
13 76
15 7
15 8
15 38
15 54
17 1
17 39
17 69
17 87
17 99
19 16
19 63
19 95
19 96
20 67
20 88
20 89
20 100
23 9
23 32
23 41
23 45
23 74
25 13
25 21
25 34
25 37
25 97
26 18
26 29
26 68
26 75
26 80
29 12
29 27
29 52
29 57
29 64
31 2
31 17
31 47
31 62
33 15
33 22
33 50
33 93
42 26
42 28
42 36
42 70
42 79
50 4
50 6
50 24
50 48
50 78
51 20
51 31
51 33
51 40
51 56
51 98
64 5
64 51
64 53
64 60
64 91
74 3
74 25
74 81
74 85
78 42
78 46
78 55
78 90
78 92
94 10
94 23
94 71
94 77
94 94
